$BGINS,0.220000,0.000010,-0.000005,-0.001603,0.031914,2,2,END$
$BGINS,0.440000,0.000023,-0.000012,-0.001597,0.031921,2,2,END$
$BGINS,0.660000,0.000029,-0.000019,-0.001609,0.031900,2,2,END$
$BGINS,0.880000,0.000033,-0.000028,-0.001959,0.032811,2,2,END$
$BGINS,1.000000,0.000035,-0.000036,-0.001597,0.031869,2,1,END$
$BGINS,1.300000,0.000038,-0.000207,-0.001569,0.031895,2,2,END$
$BGINS,1.520000,0.000037,-0.000337,-0.001587,0.031890,2,2,END$
$BGINS,1.740000,0.000037,-0.000471,-0.001590,0.031886,2,2,END$
$BGINS,1.960000,0.000038,-0.000607,-0.001584,0.031900,2,2,END$
$BGINS,2.000000,0.000037,-0.000631,-0.001583,0.031892,2,1,END$
$BGINS,2.180000,0.000038,-0.000733,-0.001600,0.031899,2,2,END$
$BGINS,2.400000,0.000037,-0.000859,-0.001563,0.031899,2,2,END$
$BGINS,2.620000,0.000027,-0.000993,-0.001568,0.031894,2,2,END$
$BGINS,2.840000,0.000030,-0.001127,-0.001557,0.031863,2,2,END$
$BGINS,3.000000,0.000023,-0.001226,-0.001567,0.031860,2,1,END$
$BGINS,3.060000,0.000024,-0.001263,-0.001568,0.031864,2,2,END$
$BGINS,3.280000,0.000019,-0.001392,-0.001593,0.031888,2,2,END$
$BGINS,3.500000,0.000015,-0.001518,-0.001588,0.031896,2,2,END$
$BGINS,3.720000,0.000019,-0.001648,-0.001602,0.031905,2,2,END$
$BGINS,3.940000,0.000008,-0.001784,-0.001614,0.031902,2,2,END$
$BGINS,4.000000,0.000012,-0.001822,-0.001626,0.031957,2,1,END$
$BGINS,4.360000,-0.000010,-0.001947,-0.001657,0.031908,2,2,END$
$BGINS,4.580000,-0.000011,-0.002032,-0.001653,0.031933,2,2,END$
$BGINS,4.800000,-0.000008,-0.002127,-0.001626,0.031922,2,2,END$
$BGINS,5.000000,-0.000008,-0.002199,-0.001625,0.031945,2,1,END$
$BGINS,5.020000,-0.000008,-0.002208,-0.001622,0.031944,2,2,END$
$BGINS,5.240000,-0.000008,-0.002289,-0.001622,0.031932,2,2,END$
$BGINS,5.460000,-0.000006,-0.002361,-0.001643,0.031946,2,2,END$
$BGINS,5.680000,-0.000004,-0.002441,-0.001645,0.031957,2,2,END$
$BGINS,5.900000,0.000002,-0.002514,-0.001627,0.031989,2,2,END$
$BGINS,6.000000,-0.000002,-0.002548,-0.001637,0.031994,2,1,END$
$BGINS,6.120000,-0.000003,-0.002596,-0.001662,0.031986,2,2,END$
$BGINS,6.340000,0.000009,-0.002676,-0.001686,0.031970,2,2,END$
$BGINS,6.560000,0.000008,-0.002755,-0.001685,0.031957,2,2,END$
$BGINS,6.780000,0.000008,-0.002837,-0.001722,0.031970,2,2,END$
$BGINS,7.000000,0.000010,-0.002910,-0.001759,0.031996,2,2,END$
$BGINS,7.220000,0.000015,-0.002988,-0.001745,0.031974,2,2,END$
$BGINS,7.440000,0.000025,-0.003061,-0.001715,0.031968,2,2,END$
$BGINS,7.660000,0.000030,-0.003130,-0.001706,0.031972,2,2,END$
$BGINS,7.880000,0.000033,-0.003200,-0.001674,0.031999,2,2,END$
$BGINS,8.000000,0.000040,-0.003241,-0.001670,0.032012,2,1,END$
$BGINS,8.099999,0.000046,-0.003270,-0.001678,0.032029,2,2,END$
$BGINS,8.320000,0.000051,-0.003345,-0.001672,0.032032,2,2,END$
$BGINS,8.540000,0.000066,-0.003420,-0.001688,0.032053,2,2,END$
$BGINS,8.760000,0.000059,-0.003496,-0.001668,0.032048,2,2,END$
$BGINS,8.980000,0.000066,-0.003570,-0.001643,0.032057,2,2,END$
$BGINS,9.000000,0.000065,-0.003576,-0.001643,0.032065,2,1,END$
$BGINS,9.200000,0.000068,-0.003657,-0.001654,0.032077,2,2,END$
$BGINS,9.420000,0.000089,-0.003745,-0.001655,0.032092,2,2,END$
$BGINS,9.639999,0.000080,-0.003840,-0.002114,0.033002,2,2,END$
$BGINS,10.000000,-0.005504,-0.038390,0.025635,-0.001926,2,1,END$
$BGINS,11.000000,-0.014039,-1.060093,0.064332,-0.036674,2,1,END$
$BGINS,12.000000,0.029599,-2.485087,0.080511,-0.043203,2,1,END$
$BGINS,13.000000,0.031848,-4.045152,0.061597,0.004945,2,1,END$
$BGINS,14.000000,-0.009722,-5.488903,0.009019,-0.039950,2,1,END$
$BGINS,15.000000,-0.087597,-5.871204,-0.007636,0.109446,2,1,END$
$BGINS,15.400000,-0.087623,-5.872931,-0.001466,0.120426,2,2,END$
$BGINS,16.000000,-0.087688,-5.873089,-0.001438,0.120383,2,1,END$
$BGINS,17.000000,-0.087832,-5.873382,-0.001414,0.120412,2,1,END$
$BGINS,18.000000,-0.087956,-5.873658,-0.001464,0.120421,2,1,END$
$BGINS,19.000000,-0.088055,-5.873946,-0.001415,0.120453,2,1,END$
$BGINS,20.000000,-0.088151,-5.874218,-0.001464,0.120481,2,1,END$
$BGINS,21.000000,-0.145036,-5.901188,0.024810,0.075208,2,1,END$
$BGINS,22.000000,-1.008261,-6.229723,0.032172,0.022876,2,1,END$
$BGINS,23.000000,-2.560841,-6.377920,0.019987,0.058655,2,1,END$
$BGINS,24.000000,-4.231529,-6.288764,0.012280,0.054625,2,1,END$
$BGINS,25.000000,-5.783191,-6.021798,0.042687,0.040079,2,1,END$
$BGINS,26.000000,-6.724806,-5.695584,0.088915,0.045520,2,1,END$
$BGINS,27.000000,-6.733639,-5.688094,-0.039336,-0.032744,2,1,END$
$BGINS,27.299999,-6.733574,-5.688008,-0.039287,-0.032805,2,2,END$
$BGINS,28.000000,-6.733398,-5.687840,-0.039251,-0.032892,2,1,END$
$BGINS,29.000000,-6.733132,-5.687648,-0.039135,-0.032886,2,1,END$
$BGINS,30.000000,-6.732829,-5.687450,-0.039196,-0.032883,2,1,END$
$BGINS,31.000000,-6.764643,-5.677207,-0.056678,-0.073454,2,1,END$
$BGINS,32.000000,-7.837483,-5.260416,-0.040327,0.027176,2,1,END$
$BGINS,33.000000,-9.110451,-4.483346,-0.062673,0.038503,2,1,END$
$BGINS,34.000000,-10.367559,-3.447271,-0.158404,0.012218,2,1,END$
$BGINS,35.000000,-11.496249,-2.312752,-0.083018,0.034239,2,1,END$
$BGINS,36.000000,-12.131992,-1.406057,-0.055167,0.066029,2,1,END$
$BGINS,37.000000,-12.160659,-1.335399,-0.072464,0.128326,2,1,END$
$BGINS,37.540001,-12.161122,-1.333863,-0.070137,0.131838,2,2,END$
$BGINS,38.000000,-12.161077,-1.333694,-0.070078,0.131864,2,1,END$
$BGINS,39.000000,-12.160961,-1.333307,-0.070065,0.131930,2,1,END$
$BGINS,40.000000,-12.160816,-1.332948,-0.070070,0.131961,2,1,END$
$BGINS,41.000000,-12.160655,-1.332578,-0.070139,0.132024,2,1,END$
$BGINS,42.000000,-12.160472,-1.332220,-0.070100,0.132087,2,1,END$
$BGINS,43.000000,-12.189865,-1.297357,-0.031326,0.011569,2,1,END$
$BGINS,44.000000,-12.946556,-0.128649,-0.059577,0.093149,2,1,END$
$BGINS,45.000000,-13.526258,1.288761,-0.096228,0.067362,2,1,END$
$BGINS,46.000000,-13.540978,2.431953,-0.019442,0.072743,2,1,END$
$BGINS,47.000000,-13.505593,2.609358,-0.070563,0.108221,2,1,END$
$BGINS,48.000000,-13.505593,2.585118,-0.045021,0.041207,2,1,END$
$BGINS,49.000000,-13.494086,2.590142,-0.046828,0.040199,2,1,END$
$BGINS,49.700001,-13.492652,2.591205,-0.047930,0.043230,2,2,END$
$BGINS,50.000000,-13.492513,2.591222,-0.047963,0.043245,2,1,END$
$BGINS,51.000000,-13.492025,2.591254,-0.048065,0.043267,2,1,END$
$BGINS,52.000000,-13.491512,2.591277,-0.048182,0.043276,2,1,END$
$BGINS,53.000000,-13.490973,2.591289,-0.048303,0.043346,2,1,END$
$BGINS,54.000000,-13.490387,2.591306,-0.048467,0.043404,2,1,END$
$BGINS,55.000000,-13.447474,2.558684,-0.074723,0.018599,2,1,END$
$BGINS,56.000000,-12.572366,2.465832,-0.056523,-0.037019,2,1,END$
$BGINS,57.000000,-10.979659,2.441631,-0.044861,0.000733,2,1,END$
$BGINS,58.000000,-9.366499,2.449452,-0.076792,0.040577,2,1,END$
$BGINS,59.000000,-8.069118,2.346013,-0.085038,-0.057068,2,1,END$
$BGINS,60.000000,-7.655926,2.397741,-0.092066,0.134138,2,1,END$
$BGINS,61.000000,-7.642450,2.397790,-0.064935,0.075809,2,2,END$
$BGINS,62.000000,-7.642013,2.397787,-0.065136,0.076863,2,1,END$
$BGINS,63.000000,-7.641549,2.397777,-0.065260,0.077033,2,1,END$
$BGINS,64.000000,-7.641045,2.397761,-0.065351,0.077070,2,1,END$
$BGINS,65.000000,-7.640501,2.397718,-0.065504,0.077116,2,1,END$
$BGINS,66.000000,-7.665462,2.381690,-0.076821,0.197517,2,1,END$
$BGINS,67.000000,-7.148958,2.086744,-0.114350,0.107312,2,1,END$
$BGINS,68.000000,-5.774601,1.925702,-0.022611,0.095517,2,1,END$
$BGINS,69.000000,-4.275369,1.842412,0.036989,0.042174,2,1,END$
$BGINS,70.000000,-3.475808,2.063327,-0.122000,0.046451,2,1,END$
$BGINS,71.000000,-3.458254,2.112879,-0.006410,0.022026,2,1,END$
$BGINS,72.000000,-3.458254,2.112879,-0.011818,0.035509,2,1,END$
$BGINS,72.080002,-3.456984,2.112742,-0.011825,0.035498,2,2,END$
$BGINS,73.000000,-3.456517,2.112715,-0.011895,0.035509,2,1,END$
$BGINS,74.000000,-3.455989,2.112676,-0.012046,0.035454,2,1,END$
$BGINS,75.000000,-3.455424,2.112649,-0.012156,0.035518,2,1,END$
$BGINS,76.000000,-3.454828,2.112627,-0.012319,0.035544,2,1,END$
$BGINS,77.000000,-3.454186,2.112596,-0.012460,0.035545,2,1,END$
$BGINS,78.000000,-3.453521,2.112570,-0.012606,0.035624,2,1,END$
$BGINS,79.000000,-3.452805,2.112549,-0.012781,0.035616,2,1,END$
$BGINS,80.000000,-3.475888,1.748425,-0.054582,0.075299,2,1,END$
$BGINS,81.000000,-3.510016,0.856710,-0.033953,-0.045034,2,1,END$
$BGINS,82.000000,-3.431825,0.349560,-0.078130,-0.034061,2,1,END$
$BGINS,83.000000,-3.409422,0.315809,-0.021252,0.060812,2,1,END$
$BGINS,83.019997,-3.409415,0.315804,-0.021251,0.060821,2,2,END$
$BGINS,84.000000,-3.408984,0.315656,-0.021048,0.060240,2,1,END$
$BGINS,85.000000,-3.408515,0.315493,-0.021359,0.060866,2,1,END$
$BGINS,86.000000,-3.407993,0.315326,-0.020955,0.059711,2,1,END$
$BGINS,87.000000,-3.407436,0.315154,-0.021662,0.061129,2,1,END$
$BGINS,88.000000,-3.201891,0.317292,-0.066094,0.012758,2,1,END$
$BGINS,89.000000,-1.887624,0.374029,-0.039513,-0.013671,2,1,END$
$BGINS,90.000000,-0.514446,0.370021,-0.012449,-0.006647,2,1,END$
$BGINS,91.000000,-0.000348,0.289584,-0.030838,0.036392,2,1,END$
$BGINS,91.860001,0.023871,0.280243,-0.029774,0.044356,2,2,END$
$BGINS,92.000000,0.023927,0.280226,-0.029791,0.044368,2,1,END$
$BGINS,93.000000,0.024382,0.280057,-0.029918,0.044348,2,1,END$
$BGINS,94.000000,0.024827,0.279879,-0.030104,0.044355,2,1,END$
$BGINS,95.000000,0.025340,0.279686,-0.030281,0.044391,2,1,END$
$BGINS,96.000000,0.025885,0.279480,-0.030469,0.044432,2,1,END$
$BGINS,97.000000,0.026496,0.279255,-0.030617,0.044451,2,1,END$
